171.999997	80.000000	0.022461
12.162081	142.145090	0.067383
88.043161	-11.647667	0.112305
135.976293	153.011162	0.157227
-10.593422	63.975299	0.202148
157.625207	30.621197	0.247070
56.116524	168.845339	0.291992
37.596838	-1.644708	0.336914
166.416815	111.559282	0.381836
-5.038876	115.102812	0.426758
118.993319	-3.326458	0.471680
107.533681	167.781715	0.516602
0.402051	33.871362	0.561523
169.852219	60.246242	0.606445
27.089419	155.259857	0.651367
68.177355	-11.234534	0.696289
150.345424	139.287198	0.741211
-11.918081	83.801101	0.786133
145.209645	15.107693	0.831055
75.750580	171.897634	0.875977
21.057712	9.367439	0.920898
171.173361	92.267247	0.965820
4.485591	132.540959	1.010742
100.190957	-9.750826	1.055664
125.737367	159.817805	1.100586
-7.640941	52.040149	1.145508
163.509792	41.416358	1.190430
44.485583	164.859885	1.235352
48.865405	-6.562104	1.280273
161.428979	122.796789	1.325195
-8.951375	103.447297	1.370117
129.751186	2.625475	1.415039
95.580646	170.659318	1.459961
7.272400	23.675658	1.504883
171.672872	72.405090	1.549805
17.534087	147.523822	1.594727
80.448730	-11.984293	1.639648
141.803072	148.128867	1.684570
-11.591220	71.511346	1.729492
153.269837	24.390806	1.774414
63.536730	170.496689	1.819336
31.010346	2.150540	1.864258
168.709112	104.311490	1.909180
-1.832674	121.995177	1.954102
111.973197	-6.242209	1.999023
114.679362	165.188991	2.043945
-3.114907	40.610295	2.088867
167.892724	52.901734	2.133789
33.495789	159.351191	2.178711
60.690024	-9.923191	2.223633
154.979924	133.262226	2.268555
-11.264868	91.374165	2.313477
139.611996	9.965381	2.358398
83.351632	171.907511	2.403320
15.446811	14.495101	2.448242
171.846231	84.696160	2.493164
9.104184	138.577653	2.538086
92.707559	-11.081535	2.583008
132.153813	155.743474	2.627930
-9.619318	59.378804	2.672852
160.010768	34.669097	2.717773
51.623548	167.470821	2.762695
41.838787	-3.665041	2.807617
164.652541	115.913929	2.852539
-6.678336	110.699688	2.897461
123.175896	-1.186109	2.942383
103.003504	169.027607	2.987305
2.901880	29.893259	3.032227
170.694900	64.868366	3.077148
23.346609	152.419928	3.122070
72.855608	-11.667485	3.166992
147.187410	142.765720	3.211914
-11.937959	79.102970	3.256836
148.396933	18.559313	3.301758
71.068976	171.504298	3.346680
24.776183	6.496074	3.391602
170.369873	96.896048	3.436523
1.952387	128.584458	3.481445
104.731090	-8.543424	3.526367
121.573503	161.993230	3.571289
-6.038995	47.623860	3.616211
165.310595	45.755314	3.661133
40.227354	162.875821	3.706055
53.345827	-7.974344	3.750977
159.078187	126.863968	3.795898
-9.964123	98.860133	3.840820
133.595807	5.324766	3.885742
90.922289	171.264744	3.930664
10.299261	20.083378	3.975586
171.866300	77.098541	4.020508
14.221971	144.192859	4.065430
85.140906	-11.764242	4.110352
138.193831	151.135165	4.155273
-10.959413	66.856803	4.200195
155.947036	28.250346	4.245117
58.955886	169.458039	4.290039
35.090268	-0.176830	4.334961
167.271687	108.783143	4.379883
-3.792197	117.726500	4.424805
116.301015	-4.417165	4.469727
110.255014	166.765501	4.514648
-0.916406	36.459839	4.559570
169.074024	57.447462	4.604492
29.554849	156.796287	4.649414
65.321902	-10.700147	4.694336
152.088432	136.963123	4.739258
-11.631481	86.692032	4.784180
143.044187	13.171037	4.829102
78.655529	171.860962	4.874023
18.941774	11.358198	4.918945
171.386903	89.369844	4.963867
6.286860	134.820480	5.008789
97.322609	-10.213010	5.053711
128.163558	158.219407	5.098633
-8.348350	54.858145	5.143555
162.126144	38.861500	5.188477
47.232304	165.807282	5.233398
46.200839	-5.403490	5.278320
162.609346	120.141737	5.323242
-8.026408	106.201798	5.368164
127.207518	1.220887	5.413086
98.404639	169.974882	5.458008
5.654003	26.089051	5.502930
171.234062	69.532565	5.547852
19.799279	149.344027	5.592773
77.548994	-11.794384	5.637695
143.811587	146.028700	5.682617
-11.651638	74.416769	5.727539
151.350298	22.208879	5.772461
66.426271	170.807004	5.817383
28.671193	3.875188	5.862305
169.267037	101.459283	5.907227
-0.315734	124.474204	5.952148
109.179501	-7.043621	5.997070
117.279869	163.891035	6.041992
-4.153874	43.324737	6.086914
166.823404	50.199042	6.131836
36.110822	160.620020	6.176758
57.905203	-9.090463	6.221680
156.469213	130.766024	6.266602
-10.674933	94.220448	6.311523
137.253165	8.266670	6.356445
86.238254	171.564768	6.401367
13.551271	16.699039	6.446289
171.753244	81.790625	6.491211
11.136856	140.655967	6.536133
89.804679	-11.239016	6.581055
134.399488	153.897173	6.625977
-10.026119	62.257480	6.670898
158.364560	32.272717	6.715820
54.456647	168.123944	6.760742
39.309478	-2.231164	6.805664
165.547161	113.147440	6.850586
-5.467453	113.343163	6.895508
120.496561	-2.315606	6.940430
105.741532	168.048727	6.985352
1.545870	32.465542	7.030273
169.955312	62.056102	7.075195
25.792736	153.992408	7.120117
69.989978	-11.172702	7.165039
148.964707	140.463920	7.209961
-11.691678	82.000700	7.254883
146.256561	16.590372	7.299805
73.977298	171.508371	7.344727
22.630194	8.459113	7.389648
170.624296	93.998722	7.434570
3.723503	130.891583	7.479492
101.866268	-9.046333	7.524414
124.024653	160.427204	7.569336
-6.786683	50.434908	7.614258
163.961305	43.178319	7.659180
42.963755	163.862765	7.704102
50.662102	-6.851830	7.749023
160.297085	124.222534	7.793945
-9.076742	101.630678	7.838867
131.068958	3.882936	7.883789
93.759096	170.619108	7.928711
8.645177	22.476871	7.973633
171.467230	74.216522	8.018555
16.464327	146.046943	8.063477
82.235062	-11.614728	8.108398
140.234174	149.060608	8.153320
-11.060593	69.764905	8.198242
154.055698	26.038867	8.243164
61.844657	169.809193	8.288086
32.724049	1.517229	8.333008
167.870236	105.935147	8.377930
-2.308017	120.229913	8.422852
113.514940	-5.258698	8.467773
112.877055	165.502241	8.512695
-1.994705	39.163306	8.557617
168.041089	54.726241	8.602539
32.155629	158.103378	8.647461
62.521688	-9.905234	8.692383
153.614641	134.484348	8.737305
-11.080520	89.550464	8.782227
140.705832	11.437011	8.827148
81.550969	171.558074	8.872070
17.012775	13.538757	8.916992
171.334369	86.458883	8.961914
8.293418	136.930159	9.006836
94.417734	-10.411253	9.051758
130.438282	156.401768	9.096680
-8.795932	57.735373	9.141602
160.510941	36.438593	9.186523
50.060523	166.500914	9.231445
43.647714	-4.002740	9.276367
163.543914	117.383526	9.321289
-6.850539	108.866208	9.366211
124.539798	0.052286	9.411133
101.160573	169.032652	9.456055
4.260011	28.646466	9.500977
170.532499	66.705549	9.545898
22.227391	150.953096	9.590820
74.671871	-11.338730	9.635742
145.623820	143.747933	9.680664
-11.445310	77.322651	9.725586
149.233826	20.206903	9.770508
69.339349	170.851570	9.815430
26.494305	5.811631	9.860352
169.562205	98.560631	9.905273
1.426280	126.809873	9.950195
106.316791	-7.587237	9.995117
119.757006	162.356409	10.040039
-4.941943	46.130250	10.084961
165.507589	47.598801	10.129883
38.838306	161.646728	10.174805
55.201139	-8.003259	10.219727
157.726978	128.136825	10.264648
-9.824446	97.008282	10.309570
134.741781	6.787147	10.354492
89.089179	170.957347	10.399414
11.860935	19.073949	10.444336
171.393438	78.897759	10.489258
13.357644	142.544603	10.534180
86.891336	-11.129535	10.579102
136.472439	151.847016	10.624023
-10.167817	65.169680	10.668945
156.500279	30.030805	10.713867
57.346090	168.515811	10.758789
36.915217	-0.566626	10.803711
166.186331	110.302204	10.848633
-4.015047	115.872028	10.893555
117.716657	-3.197377	10.938477
108.386256	166.819269	10.983398
0.428000	35.159471	11.028320
168.957964	59.315128	11.073242
28.380681	155.338120	11.118164
67.173080	-10.414908	11.163086
150.528314	138.001185	11.208008
-11.179104	84.872629	11.252930
143.937336	14.820435	11.297852
76.882952	171.244866	11.342773
20.667028	10.617590	11.387695
170.611858	91.080901	11.432617
5.705182	133.033444	11.477539
98.957934	-9.285103	11.522461
126.329346	158.637061	11.567383
-7.274934	53.312170	11.612305
162.376021	40.727869	11.657227
45.788585	164.596920	11.702148
48.084054	-5.483207	11.747070
161.271741	121.471111	11.791992
-7.934979	104.317215	11.836914
128.411375	2.674967	11.881836
96.534206	169.712722	11.926758
7.212814	25.020873	11.971680
170.802992	71.373418	12.016602
18.875846	147.693112	12.061523
79.345052	-11.197615	12.106445
142.081975	146.799496	12.151367
-10.893750	72.680384	12.196289
151.961801	24.003108	12.241211
64.763974	169.893907	12.286133
30.515402	3.428337	12.331055
168.205929	103.033657	12.375977
-0.593917	122.595092	12.420898
110.652813	-5.842929	12.465820
115.381246	163.997909	12.510742
-2.823188	41.964822	12.555664
166.757733	52.101595	12.600586
34.875731	159.170016	12.645508
59.796039	-8.852422	12.690430
154.911568	131.865864	12.735352
-10.266114	92.356910	12.780273
138.208417	9.919371	12.825195
84.417402	170.988168	12.870117
15.285638	15.896544	12.915039
171.013243	83.553721	12.959961
10.494049	138.854022	13.004883
91.495393	-10.341345	13.049805
132.544635	154.374656	13.094727
-8.977814	60.653209	13.139648
158.672429	34.165341	13.184570
52.952203	166.933292	13.229492
41.224394	-2.366512	13.274414
164.223634	114.539468	13.319336
-5.428782	111.421646	13.364258
121.764477	-0.869786	13.409180
103.829195	167.835964	13.454102
3.102373	31.332441	13.499023
169.569811	63.943521	13.543945
24.804068	152.337761	13.588867
71.836910	-10.617238	13.633789
147.225291	141.299699	13.678711
-10.970424	80.209525	13.723633
146.932232	18.400461	13.768555
72.256725	170.626870	13.813477
24.496249	7.949473	13.858398
169.589416	95.634392	13.903320
3.384468	128.984761	13.948242
103.403402	-7.866217	13.993164
122.092631	160.592447	14.038086
-5.470681	49.009170	14.083008
163.950989	45.119732	14.127930
41.661385	162.421362	14.172852
52.596987	-6.665620	14.217773
158.741817	125.390547	14.262695
-8.715747	99.718225	14.307617
132.092701	5.539573	14.352539
91.884830	170.085870	14.397461
10.389827	21.606152	14.442383
170.765707	76.037122	14.487305
15.754152	144.228385	14.532227
83.986923	-10.750268	14.577148
138.356454	149.604018	14.622070
-10.039891	68.096331	14.666992
154.427472	27.960486	14.711914
60.273268	168.640238	14.756836
34.673907	1.320567	14.801758
166.562252	107.396217	14.846680
-2.327517	118.267742	14.891602
114.853427	-3.822067	14.936523
110.918639	165.343975	14.981445
-0.440888	37.958689	15.026367
167.705907	56.664831	15.071289
31.095100	156.444823	15.116211
64.424501	-9.395436	15.161133
151.864683	135.391725	15.206055
-10.399841	87.699122	15.250977
141.452224	13.264255	15.295898
79.766410	170.711657	15.340820
18.902523	12.959883	15.385742
170.328726	88.161857	15.430664
7.887240	134.993237	15.475586
96.024950	-9.254215	15.520508
128.469940	156.631471	15.565430
-7.496587	56.237337	15.610352
160.561826	38.422306	15.655273
48.684230	165.069539	15.700195
45.630581	-3.873919	15.745117
161.991889	118.626478	15.790039
-6.542594	106.900436	15.834961
125.638873	1.712564	15.879883
99.228045	168.547631	15.924805
6.015229	27.700655	15.969727
169.873901	68.588914	16.014648
21.443001	149.117060	16.059570
76.490514	-10.511485	16.104492
143.721788	144.364044	16.149414
-10.455739	75.583797	16.194336
149.676159	22.159535	16.239258
67.694738	169.707335	16.284180
28.481687	5.547170	16.329102
168.272254	100.097278	16.374023
1.342341	124.803916	16.418945
107.732599	-6.161732	16.463867
117.748845	162.258644	16.508789
-3.392178	44.847202	16.553711
165.228421	49.592737	16.598633
37.698883	159.985046	16.643555
57.164493	-7.544471	16.688477
155.966665	129.122899	16.733398
-9.189292	95.091659	16.778320
135.566013	8.631963	16.823242
87.235099	170.150532	16.868164
13.775398	18.418756	16.913086
170.421080	80.673955	16.958008
12.877323	140.575957	17.002930
88.574900	-9.999121	17.047852
134.465558	152.148043	17.092773
-8.888146	63.592778	17.137695
156.619041	32.059619	17.182617
55.889047	167.096922	17.227539
38.949436	-0.501635	17.272461
164.639427	111.627134	17.317383
-3.766308	113.849018	17.362305
118.898263	-1.534738	17.407227
106.391023	166.388289	17.452148
2.193117	34.131258	17.497070
168.347740	61.266196	17.541992
27.514707	153.484655	17.586914
69.063911	-9.629908	17.631836
148.601390	138.697372	17.676758
-10.225234	83.057659	17.721680
144.457555	16.805289	17.766602
75.158894	170.129425	17.811523
22.693765	10.278104	17.856445
169.343487	92.699699	17.901367
5.549732	130.981255	17.946289
100.457939	-7.873711	17.991211
124.268390	158.606664	18.036133
-5.731625	51.943557	18.081055
162.159474	42.780788	18.125977
44.562929	162.933904	18.170898
50.112150	-5.081727	18.215820
159.502241	122.543378	18.260742
-7.351292	102.330573	18.305664
129.321043	4.536825	18.350586
94.605357	168.951047	18.395508
9.152110	24.281717	18.440430
169.869012	73.228557	18.485352
18.313746	145.691971	18.530273
81.111120	-10.098432	18.575195
140.035132	147.179417	18.620117
-9.637833	71.018064	18.665039
152.155894	26.079092	18.709961
63.219280	168.491027	18.754883
32.603680	3.422221	18.799805
166.667081	104.447767	18.844727
-0.411432	120.511514	18.889648
111.924407	-4.180249	18.934570
113.319376	163.627735	18.979492
-1.049856	40.846551	19.024414
166.202311	54.124877	19.069336
33.920372	157.300149	19.114258
61.764119	-8.115711	19.159180
152.960113	132.650018	19.204102
-9.353558	90.460247	19.249023
138.814445	11.936759	19.293945
82.607837	169.906659	19.338867
17.352722	15.474134	19.383789
169.771072	85.261170	19.428711
10.259273	136.753931	19.473633
93.086494	-8.948129	19.518555
130.428547	154.419299	19.563477
-7.444433	59.191785	19.608398
158.525978	36.280237	19.653320
51.632768	165.271797	19.698242
43.320867	-2.029560	19.743164
162.447154	115.705719	19.788086
-4.903471	109.360729	19.833008
122.767562	1.007573	19.877930
101.820731	167.125976	19.922852
5.065645	30.501207	19.967773
168.680340	65.883012	20.012695
24.152000	150.304288	20.057617
73.691419	-9.554954	20.102539
145.137946	141.766721	20.147461
-9.743422	78.455366	20.192383
147.209814	20.524859	20.237305
70.617515	169.244609	20.282227
26.640530	7.864197	20.327148
168.062646	97.144945	20.372070
3.492812	126.837982	20.416992
104.772591	-6.206895	20.461914
119.960812	160.290741	20.506836
-3.691879	47.792940	20.551758
163.457749	47.219200	20.596680
40.608504	160.537161	20.641602
54.646921	-5.984238	20.686523
156.767201	126.270984	20.731445
-7.851150	97.734657	20.776367
132.792973	7.588841	20.821289
89.983976	169.044492	20.866211
12.497328	21.092328	20.911133
169.555436	77.839538	20.956055
15.431564	142.079594	21.000977
85.675924	-9.380390	21.045898
136.183706	149.732120	21.090820
-8.521015	66.534846	21.135742
154.359405	30.139612	21.180664
58.852411	166.984217	21.225586
36.841721	1.584896	21.270508
164.782089	108.664436	21.315430
-1.868423	116.128891	21.360352
115.958198	-1.931815	21.405273
108.826223	164.693199	21.450195
1.544463	37.026885	21.495117
166.868098	58.693658	21.540039
30.344408	154.380183	21.584961
66.373050	-8.376775	21.629883
149.737258	135.954604	21.674805
-9.207997	85.846944	21.719727
141.822090	15.437400	21.764648
78.025966	169.355726	21.809570
21.103897	12.786681	21.854492
168.819166	89.776061	21.899414
7.912770	132.781411	21.944336
97.499386	-7.602763	21.989258
126.265580	156.406747	22.034180
-5.716168	54.915108	22.079102
160.139059	40.601284	22.124023
47.525455	163.174165	22.168945
47.766409	-3.255869	22.213867
159.996551	119.611843	22.258789
-5.733612	104.825234	22.303711
126.442244	3.792018	22.348633
97.230512	167.553630	22.393555
8.162216	27.086414	22.438477
168.702315	70.492311	22.483398
21.023519	146.919724	22.528320
78.284016	-9.171207	22.573242
141.491750	144.584699	22.618164
-8.957061	73.915111	22.663086
149.695516	24.404304	22.708008
66.164826	168.061866	22.752930
30.723037	5.729960	22.797852
166.492827	101.475534	22.842773
1.726491	122.584166	22.887695
108.947505	-4.262311	22.932617
115.568762	161.675552	22.977539
-1.387743	43.806056	23.022461
164.450425	51.715349	23.067383
36.840537	157.891477	23.112305
59.212233	-6.577200	23.157227
153.800615	129.790857	23.202148
-8.039926	93.135641	23.247070
136.037509	10.853195	23.291992
85.386968	168.827749	23.336914
16.034012	18.148224	23.381836
168.934990	82.398852	23.426758
12.810648	138.298124	23.471680
90.162165	-8.361190	23.516602
132.186885	152.009608	23.561523
-7.111105	62.156481	23.606445
156.275899	34.320683	23.651367
54.615877	165.194672	23.696289
41.174524	0.044154	23.741211
162.626929	112.726298	23.786133
-3.021577	111.678045	23.831055
119.813912	0.572107	23.875977
104.291927	165.449944	23.920898
4.377590	33.407183	23.965820
167.222691	63.276174	24.010742
26.988742	151.239957	24.055664
70.968192	-8.326600	24.100586
146.314417	139.020272	24.145508
-8.753579	81.274858	24.190430
144.574057	19.116185	24.235352
73.512424	168.500733	24.280273
25.009976	10.369675	24.325195
167.570372	94.196034	24.370117
5.849376	128.678444	24.415039
101.791505	-5.969998	24.459961
121.997648	158.100629	24.504883
-3.712244	50.784125	24.549805
161.450404	45.000984	24.594727
43.587627	160.814769	24.639648
52.263670	-4.174628	24.684570
157.300126	123.326006	24.729492
-6.252788	100.265366	24.774414
129.903980	6.804418	24.819336
92.643465	167.669330	24.864258
11.467088	23.903897	24.909180
168.413782	75.070907	24.954102
18.144836	143.348145	24.999023
82.818612	-8.480824	25.043945
137.681291	147.137302	25.088867
-7.870331	69.459713	25.133789
151.902332	28.423967	25.178711
61.823196	166.587367	25.223633
34.920616	3.885946	25.268555
164.642149	105.669721	25.313477
0.259470	118.241332	25.358398
112.961730	-2.049958	25.403320
111.114450	162.754323	25.448242
1.168973	40.002903	25.493164
165.132706	56.246506	25.538086
33.277916	155.010376	25.583008
63.785019	-6.857836	25.627930
150.617623	133.085366	25.672852
-7.916881	88.556756	25.717773
139.038415	14.313250	25.762695
80.837547	168.302126	25.807617
19.744158	15.464121	25.852539
168.011017	86.883486	25.897461
10.464079	134.366795	25.942383
94.547203	-7.046188	25.987305
128.064988	154.000541	26.032227
-5.415431	57.905059	26.077148
157.895863	38.601064	26.122070
50.531043	163.131637	26.166992
45.580085	-1.192395	26.211914
160.212691	116.612877	26.256836
-3.865248	107.181570	26.301758
123.472121	3.318665	26.346680
99.739498	165.894328	26.391602
7.435011	30.005674	26.436523
167.264486	67.849175	26.481445
23.870259	147.895538	26.526367
75.526235	-7.965630	26.571289
142.709086	141.831609	26.616211
-7.992800	76.767174	26.661133
147.056525	22.954325	26.706055
69.090095	167.346203	26.750977
29.051022	8.235235	26.795898
166.031209	98.498686	26.840820
4.079415	124.465961	26.885742
105.941100	-4.058305	26.930664
117.646518	159.492499	26.975586
-1.443012	46.819765	27.020508
162.453514	49.456907	27.065430
39.839230	158.205763	27.110352
56.789729	-4.781333	27.155273
154.371745	126.829403	27.200195
-6.458526	95.704361	27.245117
133.135252	10.029301	27.290039
88.082962	167.472656	27.334961
14.963305	20.969751	27.379883
167.816379	79.595476	27.424805
15.530497	139.607862	27.469727
87.272108	-7.487488	27.514648
133.726098	149.411645	27.559570
-6.488933	65.111866	27.604492
153.819140	32.563258	27.649414
57.614737	164.828791	27.694336
39.211771	2.341427	27.739258
162.520205	109.706146	27.784180
-0.900903	113.831715	27.829102
116.794825	0.418723	27.874023
106.620681	163.521685	27.918945
3.965074	36.402843	27.963867
165.501249	60.789476	28.008789
29.938773	151.908712	28.053711
68.341870	-6.824851	28.098633
147.234617	136.137746	28.143555
-7.482786	84.021441	28.188477
141.780428	17.951197	28.233398
76.359002	167.470451	28.278320
23.608675	13.053660	28.323242
166.788384	91.270481	28.368164
8.403771	130.305830	28.413086
98.808592	-5.442253	28.458008
123.839213	155.694824	28.502930
-3.442813	53.802344	28.547852
159.211102	42.958743	28.592773
46.618822	160.805812	28.637695
50.035748	-2.118519	28.682617
157.551879	120.304275	28.727539
-4.395216	102.662590	28.772461
126.914097	6.293651	28.817383
95.192350	166.024182	28.862305
10.700921	26.839772	28.907227
166.993378	72.389139	28.952148
21.004925	144.364206	28.997070
80.023732	-7.295831	29.041992
138.939887	144.374228	29.086914
-6.929678	72.347083	29.131836
149.256797	26.931997	29.176758
64.781737	165.898183	29.221680
33.206164	6.394273	29.266602
164.209704	102.661870	29.311523
2.611925	120.165719	29.356445
109.926808	-1.877627	29.401367
113.234663	160.575264	29.446289
1.079740	43.042442	29.491211
163.143296	53.946034	29.536133
36.299568	155.360689	29.581055
61.321199	-5.072933	29.625977
151.226599	130.103985	29.670898
-6.349841	91.165793	29.715820
136.119409	13.449943	29.760742
83.572581	166.964700	29.805664
18.632736	18.299097	29.850586
166.913266	84.042618	29.895508
13.193976	135.718273	29.940430
91.621463	-6.196405	29.985352
129.646681	151.396006	30.030273
-4.820081	60.894070	30.075195
155.436062	36.800705	30.120117
53.561238	162.795304	30.165039
43.574237	1.104360	30.209961
160.138047	113.563902	30.254883
-1.748658	109.378201	30.299805
120.426927	3.130883	30.344727
102.110785	163.973701	30.389648
6.986008	33.024540	30.434570
165.554180	65.320664	30.479492
26.840429	148.602625	30.524414
72.859107	-6.478456	30.569336
143.669206	138.932160	30.614258
-6.739928	79.553272	30.659180
144.249311	21.748097	30.704102
71.974625	166.337077	30.749023
27.607439	10.929366	30.793945
165.273476	95.537007	30.838867
6.640436	126.136384	30.883789
102.924141	-3.557756	30.928711
119.531582	157.083643	30.973633
-1.203541	49.869712	31.018555
160.214766	47.371000	31.063477
42.899611	158.229334	31.108398
54.518271	-2.729391	31.153320
154.658378	123.781233	31.198242
-4.608716	98.144693	31.243164
130.121866	9.481533	31.288086
90.674229	165.838822	31.333008
14.158262	23.926021	31.377930
166.410776	76.872342	31.422852
18.407726	140.664413	31.467773
84.437164	-6.320691	31.512695
135.026525	146.634813	31.557617
-5.569757	68.037720	31.602539
151.163334	31.028395	31.647461
60.609914	164.164229	31.692383
37.453654	4.856458	31.737305
162.115369	106.663763	31.782227
1.454629	115.800242	31.827148
113.727718	0.560638	31.872070
108.785209	161.343207	31.916992
3.842816	39.471993	31.961914
163.516085	58.444815	32.006836
32.987251	152.294441	32.051758
65.834290	-5.047844	32.096680
147.881168	133.132518	32.141602
-5.927248	86.673507	32.186523
138.840725	17.048407	32.231445
79.136039	166.148068	32.276367
22.456126	15.906031	32.321289
165.709126	88.388926	32.366211
11.147631	131.699804	32.411133
95.843763	-4.614300	32.456055
125.464487	153.079867	32.500977
-2.872489	56.828571	32.545898
156.744502	41.114014	32.590820
49.684101	160.497544	32.635742
47.985040	0.181352	32.680664
157.508157	117.222596	32.725586
-2.279228	104.904266	32.770508
123.838810	6.072290	32.815430
97.608559	164.107883	32.860352
10.215902	29.885903	32.905273
165.291111	69.816136	32.950195
23.999336	145.109507	32.995117
77.312847	-5.820365	33.040039
139.940167	141.453736	33.084961
-5.692117	75.175903	33.129883
146.431897	25.683930	33.174805
67.707655	164.907880	33.219727
31.719342	9.102601	33.264648
163.474189	99.660423	33.309570
5.183543	121.880491	33.354492
106.871980	-1.402554	33.399414
115.164887	158.159498	33.444336
1.290639	46.128093	33.489258
160.901385	51.814461	33.534180
39.393237	155.415746	33.579102
59.003880	-3.021612	33.624023
151.547427	127.025182	33.668945
-4.504448	93.651867	33.713867
133.078264	12.865493	33.758789
86.209161	165.339062	33.803711
17.788766	21.280051	33.848633
165.519597	81.274913	33.893555
16.092633	136.815740	33.938477
88.742998	-5.045215	33.983398
130.989742	148.601163	34.028320
-3.920094	63.862093	34.073242
152.765799	35.221776	34.118164
56.596939	162.153395	34.163086
41.770916	3.630180	34.208008
159.759188	110.482925	34.252930
0.613908	111.392766	34.297852
117.323427	3.243660	34.342773
104.321873	161.792010	34.387695
6.831636	36.127623	34.432617
163.569662	62.929237	34.477539
29.920139	149.023236	34.522461
70.304874	-4.705965	34.567383
144.353181	135.898627	34.612305
-5.192765	82.251559	34.657227
141.284437	20.805586	34.702148
74.797134	165.026886	34.747070
26.413133	13.803588	34.791992
164.210159	92.611046	34.836914
9.402663	127.573874	34.881836
99.916279	-2.749401	34.926758
121.201841	154.453945	34.971680
-0.656356	52.937299	35.016602
157.737168	45.480117	35.061523
46.004286	157.947604	35.106445
52.420552	-0.422357	35.151367
154.644426	120.662402	35.196289
-2.489466	100.433919	35.241211
127.011936	9.227359	35.286133
93.138206	163.923204	35.331055
13.637597	27.004040	35.375977
164.713144	74.251680	35.420898
21.431038	141.447964	35.465820
81.679055	-4.853803	35.510742
136.067409	143.688621	35.555664
-4.344678	70.913001	35.600586
148.316124	29.737639	35.645508
63.581212	163.190244	35.690430
35.922340	7.583534	35.735352
161.399916	103.618336	35.780273
4.041291	117.561015	35.825195
110.630615	1.012026	35.870117
110.762634	158.916223	35.915039
4.026550	42.597913	35.959961
161.266880	56.265158	36.004883
36.118899	152.379973	36.049805
63.468329	-2.993220	36.094727
148.235589	130.018298	36.139648
-4.082586	89.208451	36.184570
135.766981	16.427461	36.229492
81.821382	164.527211	36.274414
21.572991	18.916529	36.319336
164.324276	85.572899	36.364258
14.072559	132.838850	36.409180
92.917750	-3.475926	36.454102
126.851267	150.262223	36.499023
-1.989249	59.843038	36.543945
154.055082	39.489512	36.588867
52.764817	159.876219	36.633789
46.134599	2.722534	36.678711
157.153596	114.098349	36.723633
0.094779	106.967186	36.768555
120.694091	6.157201	36.813477
99.868911	161.918770	36.858398
10.030270	33.027862	36.903320
163.303262	67.374869	36.948242
27.115298	145.564579	36.993164
74.708537	-4.048680	37.038086
140.661583	138.386838	37.083008
-4.149912	77.924161	37.127930
143.436789	24.701239	37.172852
70.579686	163.606788	37.217773
30.482379	12.003700	37.262695
162.424075	96.685731	37.307617
7.969089	123.362838	37.352539
103.816517	-0.611435	37.397461
116.881905	155.510218	37.442383
1.816650	49.241817	37.487305
158.408099	49.875227	37.532227
42.542260	155.159002	37.577148
56.856541	-0.702913	37.622070
151.562126	123.864107	37.666992
-2.377659	95.991650	37.711914
129.928494	12.579181	37.756836
88.724286	163.420105	37.801758
17.232677	24.395216	37.846680
163.822876	78.602858	37.891602
19.150127	137.637776	37.936523
85.933603	-3.583504	37.981445
132.071926	145.624004	38.026367
-2.704446	66.788201	38.071289
149.891070	33.887173	38.116211
59.618250	161.193055	38.161133
40.193494	6.381120	38.206055
159.061526	107.388645	38.250977
3.220590	113.201602	38.295898
114.178976	3.673209	38.340820
106.348998	159.349008	38.385742
6.989611	39.299053	38.430664
161.308575	60.698576	38.475586
33.095132	149.138295	38.520508
67.886949	-2.643703	38.565430
144.740715	132.743536	38.610352
-3.344785	84.839078	38.655273
138.172593	20.148147	38.700195
77.535301	163.407081	38.745117
25.490357	16.849135	38.790039
162.830751	89.742306	38.834961
12.359330	128.755455	38.879883
96.938029	-1.620847	38.924805
122.633776	151.608111	38.969727
0.212726	56.003164	39.014648
155.023323	43.808137	39.059570
49.135201	157.344702	39.104492
50.520621	2.139294	39.149414
154.312455	117.489506	39.194336
-0.099113	102.548011	39.239258
123.820464	9.285644	39.284180
95.451071	161.722005	39.329102
13.421461	30.190519	39.374023
162.717582	71.756915	39.418945
24.588967	141.937231	39.463867
79.020625	-3.078857	39.508789
136.826498	140.582614	39.553711
-2.803714	73.715634	39.598633
145.285053	28.714033	39.643555
66.507496	161.894915	39.688477
34.641483	10.517182	39.733398
160.360076	100.589886	39.778320
6.855723	119.089950	39.823242
107.522266	1.788400	39.868164
112.528632	156.241942	39.913086
4.533419	45.763282	39.958008
158.752674	54.274878	40.002930
39.317961	152.146665	40.047852
61.268215	-0.657856	40.092773
148.277882	126.809147	40.137695
-1.943529	91.602383	40.182617
132.571443	16.109559	40.227539
84.391667	162.600497	40.272461
20.981507	22.074823	40.317383
162.624391	82.845050	40.362305
17.170225	133.699864	40.407227
90.052310	-2.015698	40.452148
127.975767	147.248146	40.497070
-0.779751	62.825058	40.541992
151.146965	38.109526	40.586914
55.841518	158.926685	40.631836
44.509020	5.503076	40.676758
156.471353	110.949588	40.721680
2.727048	108.826638	40.766602
117.496451	6.566794	40.811523
101.948778	159.454402	40.856445
10.163859	36.250811	40.901367
161.025207	65.089692	40.946289
30.339773	145.708314	40.991211
72.234688	-1.973994	41.036133
141.081914	135.184661	41.081055
-2.294172	80.568634	41.125977
140.280595	24.007081	41.170898
73.375450	161.983971	41.215820
29.519189	15.090533	41.260742
161.046456	93.759148	41.305664
10.963669	124.588272	41.350586
100.780576	0.510506	41.395508
118.360854	152.630129	41.440430
2.674309	52.364820	41.485352
155.663922	48.153378	41.530273
45.729359	154.572289	41.575195
54.904212	1.884910	41.620117
151.251030	120.636378	41.665039
0.034496	98.160322	41.709961
126.683932	12.612017	41.754883
91.093551	161.201659	41.799805
16.986661	27.632663	41.844727
161.814772	76.050253	41.889648
22.356533	138.161177	41.934570
83.216284	-1.800842	41.979492
132.869196	142.472368	42.024414
-1.160681	69.650369	42.069336
146.817554	32.821576	42.114258
62.604306	159.899896	42.159180
38.867100	9.353710	42.204102
158.028846	104.300601	42.249023
6.070165	114.779329	42.293945
111.011625	4.437447	42.338867
108.166727	156.643656	42.383789
7.479415	42.522416	42.428711
158.767616	58.653964	42.473633
36.350769	148.926897	42.518555
65.630262	-0.286120	42.563477
144.809647	129.479633	42.608398
-1.188232	87.291445	42.653320
134.924522	19.799029	42.698242
80.165491	161.467752	42.743164
24.863263	20.057361	42.788086
161.123255	86.953489	42.833008
15.503960	129.656258	42.877930
94.010975	-0.158102	42.922852
123.801996	148.550387	42.967773
1.419591	59.047018	43.012695
152.075207	42.380774	43.057617
52.273529	156.402971	43.102539
48.844312	4.955881	43.147461
153.643168	114.279760	43.192383
2.564967	104.461217	43.237305
120.562910	9.677179	43.282227
97.587363	159.230315	43.327148
13.531977	33.471886	43.372070
160.416917	69.413015	43.416992
27.869943	142.108930	43.461914
76.486147	-0.986468	43.506836
137.279527	137.326261	43.551758
-0.935339	76.422230	43.596680
142.077408	27.982637	43.641602
69.366457	160.264659	43.686523
33.636739	13.652365	43.731445
158.980304	97.599466	43.776367
9.895189	120.360997	43.821289
104.422291	2.907152	43.866211
114.056962	153.320773	43.911133
5.382528	48.950071	43.956055
155.971539	52.500194	44.000977
42.568149	151.573845	44.045898
59.259941	1.962512	44.090820
147.985967	123.519473	44.135742
0.496496	93.829744	44.180664
129.266522	16.118020	44.225586
86.821973	160.359087	44.270508
20.706054	25.370606	44.315430
160.598428	80.229459	44.360352
20.432521	134.257600	44.405273
87.270487	-0.220447	44.450195
128.812066	144.043476	44.495117
0.771202	65.752807	44.540039
148.023667	37.000442	44.584961
58.893782	157.631831	44.629883
43.134950	8.521822	44.674805
155.442526	107.795169	44.719727
5.618801	110.455927	44.764648
114.263022	7.321614	44.809570
103.821624	156.711178	44.854492
10.638702	39.539488	44.899414
158.450982	62.986766	44.944336
33.659495	145.517359	44.989258
69.916873	0.411978	45.034180
141.176672	131.858359	45.079102
-0.114344	83.084536	45.124023
136.972266	23.626892	45.168945
76.071153	160.026685	45.213867
28.855957	18.356437	45.258789
159.326491	90.903282	45.303711
14.162971	125.530068	45.348633
97.785397	1.980100	45.393555
119.574673	149.521149	45.438477
3.882309	55.477405	45.483398
152.668352	46.676094	45.528320
48.936544	153.635191	45.573242
53.173976	4.744784	45.618164
150.592158	117.358130	45.663086
2.737356	100.131115	45.708008
123.358717	12.987381	45.752930
93.290713	158.676005	45.797852
17.075318	30.980366	45.842773
159.485237	73.642600	45.887695
25.702043	138.360316	45.932617
80.615597	0.315077	45.977539
133.355099	139.153753	46.022461
0.725676	72.425185	46.067383
143.550375	32.052058	46.112305
65.533034	158.257379	46.157227
37.819213	12.545254	46.202148
156.642668	101.239347	46.247070
9.162398	116.098277	46.291992
107.840239	5.556656	46.336914
109.747419	153.673716	46.381836
8.322980	45.780693	46.426758
155.942083	56.822791	46.471680
39.672019	148.365632	46.516602
63.561735	2.373922	46.561523
144.535267	126.119829	46.606445
1.286424	89.582428	46.651367
131.550905	19.784049	46.696289
82.662368	159.197039	46.741211
24.558579	23.419910	46.786133
159.073570	84.268824	46.831055
18.830602	130.248857	46.875977
91.158042	1.655074	46.920898
124.678592	145.284264	46.965820
2.982500	62.047429	47.010742
148.893809	41.226200	47.055664
55.399504	155.102266	47.100586
47.419836	8.028936	47.145508
152.614689	111.051091	47.190430
5.506821	106.145514	47.235352
117.255215	10.425402	47.280273
99.519467	156.441587	47.325195
13.993969	36.834321	47.370117
157.802147	67.246962	47.415039
31.262389	141.937044	47.459961
74.101752	1.434761	47.504883
137.399488	133.928795	47.549805
1.274163	79.007724	47.594727
138.699988	27.571236	47.639648
72.134297	158.283539	47.684570
32.936456	16.984776	47.729492
157.242565	94.669408	47.774414
13.157923	121.345469	47.819336
101.351372	4.388283	47.864258
115.318830	150.151912	47.909180
6.595694	52.139420	47.954102
152.920095	50.969783	47.999023
45.852585	150.638045	48.043945
57.471833	4.873822	48.088867
147.334903	120.164029	48.133789
3.245952	95.862783	48.178711
125.864715	16.479065	48.223633
89.085352	157.792050	48.268555
20.773926	28.793749	48.313477
158.233062	77.752054	48.358398
23.851773	134.483898	48.403320
84.596976	1.925448	48.448242
129.331365	140.653355	48.493164
2.681417	68.603028	48.538086
144.687746	36.191475	48.583008
61.899981	155.971796	48.627930
42.041788	11.778833	48.672852
154.045351	104.654908	48.717773
8.772730	111.825707	48.762695
111.011643	8.445164	48.807617
105.458390	153.683783	48.852539
11.479863	42.878185	48.897461
155.572681	61.094628	48.942383
37.061024	144.965285	48.987305
67.782883	3.119685	49.032227
140.918264	128.418990	49.077148
2.402490	85.445055	49.122070
133.520370	23.589213	49.166992
78.641181	157.719632	49.211914
28.521948	21.795410	49.256836
157.246611	88.142341	49.301758
17.563623	126.158466	49.346680
94.853579	3.817056	49.391602
120.493344	146.183980	49.436523
5.462357	58.558771	49.481445
149.419404	45.473411	49.526367
52.144988	152.324170	49.571289
51.695648	7.881381	49.616211
149.560319	114.046055	49.661133
5.738255	101.874675	49.706055
119.967263	13.731922	49.750977
95.287117	155.833189	49.795898
17.526549	34.426318	49.840820
156.821767	71.407625	49.885742
29.177166	138.206256	49.930664
78.158108	2.779224	49.975586
133.499888	135.675046	50.020508
2.971955	75.087462	50.065430
140.093746	31.608943	50.110352
68.380830	156.245940	50.155273
37.080495	15.954263	50.200195
154.881343	98.226702	50.245117
12.498546	117.127694	50.290039
104.684669	7.054412	50.334961
111.060475	150.435178	50.379883
9.545628	49.056171	50.424805
152.825230	55.235255	50.469727
43.043462	147.427625	50.514648
61.710921	5.345868	50.559570
143.889352	122.677114	50.604492
4.091265	91.683357	50.649414
128.062186	20.132558	50.694336
84.998382	156.580310	50.739258
24.606552	26.928981	50.784180
156.664613	81.714516	50.829102
22.334176	130.502341	50.874023
88.403871	3.838094	50.918945
125.232236	141.812046	50.963867
4.923047	64.981524	51.008789
145.478622	40.375909	51.053711
58.492221	153.418970	51.098633
46.278604	11.361787	51.143555
151.201555	107.822266	51.188477
8.732591	107.569827	51.233398
113.913838	11.557429	51.278320
101.216898	153.346902	51.323242
14.835996	40.263817	51.368164
154.861630	65.288406	51.413086
34.754874	141.391791	51.458008
71.896013	4.199119	51.502930
137.155610	130.398961	51.547852
3.841625	81.444857	51.592773
135.158773	27.511352	51.637695
74.785298	155.932299	51.682617
32.572656	20.511272	51.727539
155.125315	91.823674	51.772461
16.643657	122.011101	51.817383
98.331513	6.255461	51.862305
116.281979	146.732734	51.907227
8.198532	55.311471	51.952148
149.592827	49.715630	51.997070
49.153734	149.311896	52.041992
55.935348	8.084453	52.086914
146.295778	116.757877	52.131836
6.316028	97.670831	52.176758
122.378475	17.222926	52.221680
91.152171	154.885455	52.266602
21.216441	32.334523	52.311523
155.511720	75.441188	52.356445
27.421073	134.346602	52.401367
82.058614	4.441090	52.446289
129.500918	137.081800	52.491211
4.972385	71.350624	52.536133
141.140275	35.715697	52.581055
64.836972	153.922860	52.625977
41.262669	15.276004	52.670898
152.254055	101.549798	52.715820
12.193703	112.903042	52.760742
107.760972	9.965078	52.805664
106.826609	150.364399	52.850586
12.716624	46.250741	52.895508
152.379579	59.445015	52.940430
40.530841	144.021387	52.985352
65.863458	6.162690	53.030273
140.274799	124.877302	53.075195
5.272641	87.620695	53.120117
129.932783	23.926871	53.165039
81.057526	155.043865	53.209961
28.550667	25.402531	53.254883
154.785374	85.502607	53.299805
21.163714	126.439548	53.344727
92.009455	6.045159	53.389648
121.082808	142.617486	53.434570
7.440398	61.586741	53.479492
145.912883	44.579258	53.524414
55.334862	150.611311	53.569336
50.502752	11.301938	53.614258
148.125841	110.717459	53.659180
9.047437	103.358154	53.704102
116.524197	14.876844	53.749023
97.050861	152.660027	53.793945
18.372846	37.958707	53.838867
153.808321	69.376019	53.883789
32.773017	137.665468	53.928711
75.873044	5.610382	53.973633
133.269260	132.042114	54.018555
5.599551	77.609680	54.063477
136.450446	31.527034	54.108398
71.122118	153.841730	54.153320
36.685971	19.581084	54.198242
152.718738	95.286081	54.243164
16.082103	117.832608	54.288086
101.565965	8.958931	54.333008
112.071264	146.921407	54.377930
11.177447	52.330351	54.422852
149.407315	53.925370	54.467773
46.449315	146.081144	54.512695
60.110936	8.642509	54.557617
142.838774	119.164413	54.602539
7.242050	93.562288	54.647461
124.468304	20.878826	54.692383
87.143026	153.598945	54.737305
25.042324	30.577723	54.782227
153.875033	79.319379	54.827148
26.010992	130.380977	54.872070
85.775340	6.414883	54.916992
125.426884	138.134209	54.961914
7.267563	67.824592	55.006836
141.826882	39.865967	55.051758
61.529347	151.324546	55.096680
45.456414	14.960440	55.141602
149.373237	104.613036	55.186523
12.251497	108.698917	55.231445
110.555778	13.105548	55.276367
102.645265	149.933876	55.321289
16.091856	43.746285	55.366211
151.579895	63.570608	55.411133
38.336357	140.438124	55.456055
69.900782	7.325057	55.500977
136.511868	126.744646	55.545898
6.788354	83.703451	55.590820
131.458404	27.839700	55.635742
77.291213	153.186926	55.680664
32.582454	24.230515	55.725586
152.602015	89.088340	55.770508
20.354391	122.320671	55.815430
95.386392	8.537562	55.860352
116.909385	143.057892	55.905273
10.222036	58.445155	55.950195
145.981060	48.774265	55.995117
52.453318	147.562522	56.040039
54.686222	11.606361	56.084961
144.834084	113.316329	56.129883
9.721894	99.219240	56.174805
118.820003	18.385475	56.219727
92.989159	151.621024	56.264648
22.070558	35.983958	56.309570
152.413134	73.328475	56.354492
31.134778	133.807956	56.399414
79.685093	7.350583	56.444336
129.282476	133.331054	56.489258
7.670874	73.968082	56.534180
137.380055	35.611550	56.579102
67.679657	151.455784	56.624023
40.835917	19.017992	56.668945
150.037149	98.502300	56.713867
15.889823	113.650039	56.758789
104.530631	11.914858	56.803711
107.889126	146.741513	56.848633
14.384244	49.640553	56.893555
148.856823	58.074037	56.938477
44.055523	142.648917	56.983398
64.193368	9.559095	57.028320
139.208329	121.243409	57.073242
8.517337	89.578324	57.118164
126.216202	24.678718	57.163086
83.288973	151.975180	57.208008
28.981563	29.174601	57.252930
151.915766	83.013112	57.297852
24.963598	126.333582	57.342773
89.279622	8.694032	57.387695
121.303369	138.817737	57.432617
9.848449	64.537387	57.477539
142.141287	44.032974	57.522461
58.485122	148.462446	57.567383
49.633949	15.017500	57.612305
146.252663	107.390306	57.657227
12.679427	104.543889	57.702148
113.044236	16.459821	57.747070
98.545593	149.138604	57.791992
19.653211	41.566208	57.836914
150.423713	67.582522	57.881836
36.481785	136.697934	57.926758
73.793238	8.832870	57.971680
132.622495	128.259165	58.016602
8.635737	79.961198	58.061523
132.621016	31.847434	58.106445
73.728713	151.014713	58.151367
36.676796	23.428877	58.196289
150.122278	92.442967	58.241211
19.919938	118.172148	58.286133
98.506677	11.305088	58.331055
112.739530	143.121855	58.375977
13.255346	55.583821	58.420898
145.674160	52.932445	58.465820
49.873489	144.287529	58.510742
58.799818	12.281565	58.555664
141.343417	115.594333	58.600586
10.759926	95.182774	58.645508
120.778254	22.064109	58.690430
89.061752	150.228507	58.735352
25.907969	34.360854	58.780273
150.677278	77.115766	58.825195
29.859559	129.842206	58.870117
83.302325	9.415917	58.915039
125.219834	134.248407	58.959961
10.049219	70.549497	59.004883
137.932396	39.738877	59.049805
64.486729	148.783368	59.094727
44.995218	18.834918	59.139648
147.091925	101.444353	59.184570
16.077347	109.491723	59.229492
107.198583	15.109470	59.274414
103.764738	146.184996	59.319336
17.802855	47.267752	59.364258
147.935836	62.131830	59.409180
41.996582	139.033465	59.454102
68.152432	10.837139	59.499023
135.424747	122.972270	59.543945
10.142201	85.749334	59.588867
127.601382	28.600392	59.633789
79.620366	150.016479	59.678711
33.010205	28.143979	59.723633
149.638853	86.492304	59.768555
24.295600	122.229940	59.813477
92.541872	11.271013	59.858398
117.157283	139.117921	59.903320
12.704981	61.517882	59.948242
142.071380	48.188618	59.993164
55.732236	145.349092	60.038086
53.766194	15.456839	60.083008
142.907249	109.854816	60.127930
13.484613	100.467808	60.172852
115.200901	20.010698	60.217773
94.557992	147.974057	60.262695
23.381330	39.734413	60.307617
148.909137	71.450033	60.352539
34.989307	132.822194	60.397461
77.510009	10.685367	60.442383
128.629923	129.400572	60.487305
10.811372	76.424621	60.532227
133.402384	35.925127	60.577148
70.400348	148.533286	60.622070
40.807229	23.013661	60.666992
147.354827	95.536754	60.711914
19.874082	114.021770	60.756836
101.341386	14.336529	60.801758
108.602156	142.798075	60.846680
16.526651	53.030633	60.891602
144.983399	57.023971	60.936523
47.622028	140.802387	60.981445
62.813021	13.333740	61.026367
137.672157	117.526256	61.071289
12.165082	91.279744	61.116211
122.375367	25.892292	61.161133
85.299868	148.481605	61.206055
29.862638	33.111165	61.250977
148.602576	80.706653	61.295898
28.967150	125.792488	61.340820
86.693726	11.801872	61.385742
121.107259	134.776517	61.430664
12.727411	67.384487	61.475586
138.092082	43.881624	61.520508
61.573216	145.834273	61.565430
49.135212	19.044857	61.610352
143.895412	104.083264	61.655273
16.655176	105.387382	61.700195
109.541968	18.527952	61.745117
99.728665	145.243933	61.790039
21.416097	45.238470	61.834961
146.639082	66.067563	61.879883
40.297482	135.254218	61.924805
71.956552	12.479218	61.969727
131.509569	124.327730	62.014648
12.116496	82.107053	62.059570
128.602477	32.620349	62.104492
76.168863	147.725717	62.149414
37.102957	27.505159	62.194336
147.049887	89.725606	62.239258
24.024086	118.096955	62.284180
95.531283	14.137550	62.329102
113.016946	139.020017	62.374023
15.826249	58.796110	62.418945
141.604884	52.303366	62.463867
53.299726	141.997957	62.508789
57.822617	16.288173	62.553711
139.352938	111.978741	62.598633
14.674128	96.501983	62.643555
116.999371	23.739877	62.688477
90.714319	146.435865	62.733398
27.255678	38.275678	62.778320
147.034544	75.140973	62.823242
33.881889	128.833531	62.868164
81.018845	12.881407	62.913086
124.558710	130.147888	62.958008
13.311348	73.125810	63.002930
133.783674	40.046467	63.047852
67.337815	145.749304	63.092773
44.945873	23.001407	63.137695
144.309030	98.338635	63.182617
20.230937	109.898786	63.227539
103.860314	17.619866	63.272461
104.527673	142.074973	63.317383
20.021361	50.814710	63.362305
143.899829	61.017496	63.407227
45.726751	137.124156	63.452148
66.693772	14.769130	63.497070
133.839722	119.085797	63.541992
13.940843	87.542689	63.586914
123.586752	29.848385	63.631836
81.736289	146.379634	63.676758
33.910856	32.257583	63.721680
146.191155	84.068354	63.766602
28.478172	121.684418	63.811523
89.826751	14.503516	63.856445
116.972087	134.896995	63.901367
15.697739	64.505118	63.946289
137.843097	48.010923	63.991211
58.970466	142.618946	64.036133
53.225709	19.661325	64.081055
140.460725	106.388632	64.125977
17.634216	101.368313	64.170898
111.531557	22.154608	64.215820
95.813088	143.910119	64.260742
25.205797	43.580542	64.305664
144.961121	69.848406	64.350586
38.984458	131.331704	64.395508
75.572487	14.487954	64.440430
127.485535	125.285355	64.485352
14.439995	78.684893	64.530273
129.197037	36.713794	64.575195
72.967805	145.105980	64.620117
41.233142	27.278435	64.665039
144.154803	92.679992	64.709961
24.167036	113.962998	64.754883
98.215391	17.284891	64.799805
108.912225	138.508501	64.844727
19.200740	56.403740	64.889648
140.728850	56.346071	64.934570
51.218228	138.423242	64.979492
61.771012	17.521767	65.024414
135.606529	113.732705	65.069336
16.255471	92.679450	65.114258
118.411751	27.628074	65.159180
87.048201	144.519361	65.204102
31.254616	37.216213	65.249023
144.798149	78.621361	65.293945
33.183854	124.755792	65.338867
84.285663	15.419870	65.383789
120.434745	130.478859	65.428711
16.131637	70.098705	65.473633
133.744876	44.183701	65.518555
64.574662	142.669686	65.563477
49.063305	23.409728	65.608398
140.994657	100.815699	65.653320
21.005583	105.834082	65.698242
106.031427	21.142535	65.743164
100.548210	140.940125	65.788086
23.724195	48.966971	65.833008
142.413781	64.879872	65.877930
44.217233	133.270735	65.922852
70.408142	16.594566	65.967773
129.866507	120.244944	66.012695
16.091139	84.006075	66.057617
124.386173	33.909632	66.102539
78.405772	143.921607	66.147461
38.027658	31.824374	66.192383
143.444991	87.166071	66.237305
28.414733	117.544995	66.282227
92.666812	17.515912	66.327148
112.843172	134.590057	66.372070
18.952324	61.945517	66.416992
137.168138	52.096273	66.461914
56.711897	139.148162	66.506836
57.234769	20.699007	66.551758
136.801470	108.327994	66.596680
19.026420	97.467671	66.641602
113.136084	25.973085	66.686523
92.052139	142.174433	66.731445
29.152960	42.323810	66.776367
142.895747	73.439488	66.821289
38.085704	127.287436	66.866211
78.964873	16.866579	66.911133
123.376533	125.818807	66.956055
17.112919	75.518456	67.000977
129.360784	40.854624	67.045898
70.052775	142.160072	67.090820
45.372623	27.485841	67.135742
140.959423	95.320155	67.180664
24.744074	109.858052	67.225586
100.559413	20.704222	67.270508
104.874738	137.566313	67.315430
22.816693	54.374770	67.360352
139.428919	60.283695	67.405273
49.520713	134.639585	67.450195
65.577149	19.169165	67.495117
131.685444	115.085011	67.540039
18.237270	89.035386	67.584961
119.407846	31.655191	67.629883
83.595518	142.218912	67.674805
35.355501	36.584480	67.719727
142.197362	81.854870	67.764648
32.921723	120.614012	67.809570
87.273945	18.300263	67.854492
116.285294	130.369108	67.899414
19.268652	67.379756	67.944336
133.263941	48.307518	67.989258
62.147007	139.301105	68.034180
53.128366	24.258173	68.079102
137.421439	102.932417	68.124023
22.214918	101.860449	68.168945
107.820046	24.891803	68.213867
96.697968	139.379420	68.258789
27.619495	47.520995	68.303711
140.514051	68.575727	68.348633
43.125707	129.260615	68.393555
73.919831	18.818251	68.438477
125.773721	120.973048	68.483398
18.621098	80.706877	68.528320
124.744790	38.052244	68.573242
75.345704	141.105524	68.618164
42.186829	31.838348	68.663086
140.365246	89.962265	68.708008
28.801415	113.402688	68.752930
95.176489	20.834725	68.797852
108.751045	133.833540	68.842773
22.483671	59.742721	68.887695
136.047629	56.105282	68.932617
54.833898	135.432539	68.977539
61.128362	22.174736	69.022461
132.931335	109.865873	69.067383
20.845741	93.720894	69.112305
114.321237	29.966704	69.157227
88.482424	140.025920	69.202148
33.238016	41.501167	69.247070
140.435096	76.803289	69.291992
37.632452	123.143751	69.336914
82.095538	19.619792	69.381836
119.207528	125.898748	69.426758
20.136749	72.646301	69.471680
129.066488	45.015406	69.516602
67.462451	138.889764	69.561523
49.491674	28.152292	69.606445
137.468779	97.607570	69.651367
25.777605	105.813935	69.696289
102.525257	24.387265	69.741211
100.938189	136.173730	69.786133
26.662624	52.746595	69.831055
137.688208	64.080875	69.875977
48.243605	130.661616	69.920898
69.204248	21.244271	69.965820
127.607380	116.000463	70.010742
20.630335	85.607743	70.055664
119.953952	35.800571	70.100586
80.395133	139.526898	70.145508
39.534841	36.412450	70.190430
139.227833	84.801993	70.235352
33.125493	116.434376	70.280273
89.943813	21.523616	70.325195
112.139066	129.790833	70.370117
22.720072	65.008932	70.415039
132.315474	52.386868	70.459961
60.094634	135.649240	70.504883
57.107867	25.569537	70.549805
133.598396	104.649473	70.594727
23.878953	98.013001	70.639648
109.187600	28.855347	70.684570
93.013752	137.375789	70.729492
31.691695	46.514332	70.774414
138.186649	72.066811	70.819336
42.488431	125.112517	70.864258
77.189400	21.450971	70.909180
121.583132	121.235404	70.954102
21.538204	77.685453	70.999023
124.629709	42.251531	71.043945
72.597093	137.927281	71.088867
46.360910	32.330348	71.133789
136.951250	92.415564	71.178711
29.666778	109.287556	71.223633
97.314327	24.457159	71.268555
104.728174	132.601383	71.313477
26.285514	57.937975	71.358398
134.458213	60.003279	71.403320
53.377217	131.481803	71.448242
64.869835	24.108985	71.493164
128.863462	110.962305	71.538086
23.109598	90.166374	71.583008
115.048121	34.118970	71.627930
85.143823	137.450356	71.672852
37.441206	41.150161	71.717773
137.568266	79.898708	71.762695
37.660631	118.923565	71.807617
84.922433	22.755068	71.852539
115.004461	125.491129	71.897461
23.515453	70.111142	71.942383
128.282237	49.167330	71.987305
65.239920	135.294651	72.032227
53.558793	29.307326	72.077148
133.686061	99.499073	72.122070
27.294571	101.864651	72.166992
104.069974	28.327224	72.211914
97.138868	134.306619	72.256836
30.728144	51.561644	72.301758
135.485582	67.699265	72.346680
47.428518	126.503275	72.391602
72.612153	23.765048	72.436523
123.389763	116.438559	72.481445
23.449305	82.438227	72.526367
120.010962	40.043387	72.571289
77.490030	136.432136	72.616211
43.768522	36.737548	72.661133
135.881944	87.418756	72.706055
33.830636	112.244150	72.750977
92.250594	25.093897	72.795898
108.026320	128.710782	72.840820
26.486151	63.031306	72.885742
130.868690	56.388677	72.930664
58.462708	131.717588	72.975586
60.966119	27.371901	73.020508
129.532787	105.921920	73.065430
26.022850	94.329823	73.110352
110.089669	33.022156	73.155273
89.535804	134.907193	73.200195
35.926072	45.990565	73.245117
135.412844	75.310976	73.290039
42.347844	120.844812	73.334961
80.173069	24.507993	73.379883
117.316674	120.991022	73.424805
24.854116	74.986939	73.469727
124.001679	46.482113	73.514648
70.206130	134.378946	73.559570
50.521213	33.337597	73.604492
133.198888	94.479024	73.649414
31.045741	105.231436	73.694336
99.032944	28.383443	73.739258
100.809362	130.861235	73.784180
30.354149	56.578787	73.829102
132.370353	63.752701	73.874023
52.389159	127.303605	73.918945
68.419092	26.528242	73.963867
124.609441	111.570508	74.008789
25.841221	86.846498	74.053711
115.270804	38.414390	74.098633
82.080749	134.427969	74.143555
41.743191	41.315552	74.188477
134.279116	82.679582	74.233398
38.213513	114.649974	74.278320
87.397940	26.284768	74.323242
110.794067	124.554479	74.368164
27.257483	67.961745	74.413086
126.968660	53.280157	74.458008
63.434780	131.370292	74.502930
57.540398	30.987919	74.547852
129.610922	100.944560	74.592773
29.329273	98.046934	74.637695
105.143291	32.520303	74.682617
93.516452	131.933616	74.727539
35.005293	50.870026	74.772461
132.792864	71.096479	74.817383
47.125054	122.176691	74.862305
75.756018	26.756258	74.907227
119.048858	116.350546	74.952148
26.715313	79.573868	74.997070
119.531316	44.363299	75.041992
74.929131	132.917309	75.086914
48.032208	37.605808	75.131836
132.146361	89.654643	75.176758
35.081329	108.071550	75.221680
94.142502	29.020315	75.266602
103.979014	127.086955	75.311523
30.571857	61.499600	75.356445
128.884079	60.277409	75.401367
57.304545	127.505513	75.446289
64.664200	29.701985	75.491211
125.228374	106.696196	75.536133
28.680252	90.853004	75.581055
110.472803	37.384041	75.625977
86.309144	131.943333	75.670898
40.310000	46.002670	75.715820
132.165930	78.260535	75.760742
42.756087	116.474542	75.805664
82.820761	28.012195	75.850586
112.995750	120.188958	75.895508
28.587678	72.663493	75.940430
122.811316	50.718306	75.985352
68.226739	130.445890	76.030273
54.637879	34.907567	76.075195
129.097912	96.097292	76.120117
32.983517	101.268220	76.165039
100.275905	32.619313	76.209961
97.032370	128.570477	76.254883
34.690693	55.722305	76.299805
129.744349	67.312114	76.344727
51.927222	122.901524	76.389648
71.731249	29.468978	76.434570
120.177597	111.633020	76.479492
29.073554	83.809356	76.524414
114.932244	42.839872	76.569336
79.344225	130.929613	76.614258
46.126130	42.053576	76.659180
130.542554	85.092249	76.704102
39.346138	110.345526	76.749023
89.466074	30.229693	76.793945
106.603532	123.035341	76.838867
31.379143	66.256082	76.883789
125.074267	57.322172	76.928711
62.106635	127.105067	76.973633
61.400384	33.243220	77.018555
125.236575	101.883164	77.063477
31.928150	94.401114	77.108398
105.683463	36.968327	77.153320
90.115298	129.011347	77.198242
39.490831	50.733965	77.243164
129.570089	74.224357	77.288086
47.395511	117.690226	77.333008
78.584139	30.254132	77.377930
114.598188	115.674465	77.422852
30.460551	77.069637	77.467773
118.453812	48.741618	77.512695
72.770365	128.954554	77.557617
52.302084	39.077251	77.602539
127.997811	91.449103	77.647461
36.935992	103.945456	77.692383
95.556718	33.321311	77.737305
100.030996	124.862952	77.782227
34.990590	60.478526	77.827148
126.307675	64.014385	77.872070
56.686356	123.004841	77.916992
68.158767	32.610917	77.961914
120.682358	106.905005	78.006836
31.899057	87.630356	78.051758
110.269050	41.938297	78.096680
83.385820	128.439925	78.141602
44.835186	46.618816	78.186523
128.405602	80.859468	78.231445
43.781097	112.015644	78.276367
85.072782	31.999557	78.321289
108.639960	118.761962	78.366211
32.770221	70.778163	78.411133
120.992516	54.934863	78.456055
66.724969	126.101738	78.500977
58.680068	37.104752	78.545898
124.627175	97.201693	78.590820
35.542527	97.434252	78.635742
100.972317	37.180436	78.680664
93.438917	125.669220	78.725586
39.305117	55.441221	78.770508
126.523296	70.634588	78.815430
52.065446	118.271473	78.860352
74.754362	32.984672	78.905273
115.569881	111.074913	78.950195
32.856223	81.111663	78.995117
113.957103	47.387312	79.040039
76.995469	126.909932	79.084961
50.575682	43.439487	79.129883
126.317891	87.071300	79.174805
41.133174	106.030842	79.219727
91.057575	34.625497	79.264648
102.459759	120.860143	79.309570
35.910695	65.066891	79.354492
122.527097	61.260227	79.399414
61.331294	122.474426	79.444336
65.099432	36.143062	79.489258
120.544482	102.236439	79.534180
35.158395	90.972561	79.579102
105.609866	41.683559	79.624023
86.986667	125.475770	79.668945
44.190521	51.235776	79.713867
125.756864	77.025950	79.758789
48.323388	113.044817	79.803711
81.034120	34.314921	79.848633
110.045541	114.326162	79.893555
34.736651	74.993088	79.938477
116.694184	53.163591	79.983398
71.086127	124.497312	80.028320
56.556352	41.235696	80.073242
123.395246	92.725266	80.118164
39.477425	99.894738	80.163086
96.412296	38.032012	80.208008
96.218191	121.957569	80.252930
39.771167	60.052670	80.297852
123.060453	67.556682	80.342773
56.695893	118.193416	80.387695
71.400002	36.174960	80.432617
115.879569	106.457933	80.477539
35.752179	84.718435	80.522461
109.385865	46.692828	80.567383
80.828924	124.327973	80.612305
49.502018	47.933118	80.657227
124.067351	83.038392	80.702148
45.517968	107.475446	80.747070
86.853752	36.529549	80.791992
104.264511	116.614571	80.836914
37.455640	69.411986	80.881836
118.450079	59.108583	80.926758
65.787125	121.298684	80.971680
62.616523	40.023445	81.016602
119.745450	97.701090	81.061523
38.815501	93.768863	81.106445
101.026679	42.100998	81.151367
90.076372	122.066963	81.196289
44.224134	55.834879	81.241211
122.619595	73.664802	81.286133
52.906462	113.394607	81.331055
77.425302	37.159349	81.375977
110.775669	109.790863	81.420898
37.269010	78.824162	81.465820
112.237994	52.058800	81.510742
75.112582	122.294052	81.555664
55.085132	45.582073	81.600586
121.535807	88.531576	81.645508
43.684119	101.721659	81.690430
92.080591	39.535304	81.735352
98.387672	117.919394	81.780273
40.908458	64.492300	81.825195
119.218402	65.060093	81.870117
61.212697	117.429449	81.915039
68.593956	39.794690	81.959961
115.493679	101.895157	82.004883
39.124977	87.814219	82.049805
104.808557	46.698478	82.094727
84.192799	121.224975	82.139648
49.127864	52.493498	82.184570
121.255127	79.429846	82.229492
50.030149	108.226386	82.274414
83.025565	39.032050	82.319336
105.386666	112.181458	82.364258
39.631618	73.433353	82.409180
114.126296	57.623292	82.454102
69.973961	119.463777	82.499023
60.778614	44.208445	82.543945
118.263822	93.377555	82.588867
42.833271	95.946508	82.633789
96.596075	43.219556	82.678711
92.578605	118.243683	82.723633
44.972301	60.342262	82.768555
119.016693	70.855287	82.813477
57.459881	113.021642	82.858398
74.327842	40.517522	82.903320
110.780183	105.222400	82.948242
40.359794	82.188333	82.993164
107.685518	51.677069	83.038086
78.720480	119.491476	83.083008
54.328977	50.087697	83.127930
119.040290	84.704523	83.172852
48.112397	102.846947	83.217773
88.060377	41.706999	83.262695
99.874344	113.598384	83.307617
42.741760	68.678438	83.352539
115.033817	63.222183	83.397461
65.536462	115.946833	83.442383
66.417274	43.814651	83.487305
114.371691	97.462932	83.532227
42.953252	90.314974	83.577148
100.297713	47.452309	83.622070
87.000801	117.614136	83.666992
49.508456	57.052643	83.711914
117.885996	76.333433	83.756836
54.606998	108.221637	83.801758
79.661456	42.136829	83.846680
105.757882	107.617580	83.891602
42.451173	77.042703	83.936523
109.605937	56.878467	83.981445
73.804509	116.948417	84.026367
59.664988	48.655054	84.071289
116.069609	89.351277	84.116211
47.176415	97.421710	84.161133
92.400794	45.077791	84.206055
94.405800	114.033012	84.250977
46.481938	64.678740	84.295898
114.966614	68.687974	84.340820
61.908848	111.870939	84.385742
71.834494	44.379957	84.430664
109.996404	100.690363	84.475586
44.008772	84.991521	84.520508
103.100351	52.088320	84.565430
81.815312	116.080369	84.610352
54.364513	54.695722	84.655273
115.889920	81.338124	84.700195
52.712871	103.187879	84.745117
84.444235	44.575460	84.790039
100.590071	109.035812	84.834961
45.308957	72.520893	84.879883
110.539253	62.135745	84.924805
69.580346	113.698314	84.969727
64.966592	48.211540	85.014648
112.457224	93.243795	85.059570
47.223419	92.121102	85.104492
95.930625	49.019482	85.149414
89.151303	113.498937	85.194336
50.717307	61.539425	85.239258
113.953036	73.851825	85.284180
59.184443	107.379865	85.329102
76.864124	45.861424	85.374023
105.289621	102.979096	85.418945
45.942574	80.138367	85.463867
104.936451	56.969142	85.508789
77.179212	113.713583	85.553711
59.376382	53.325284	85.598633
113.113126	85.718606	85.643555
51.817091	98.088909	85.688477
88.532871	47.735864	85.733398
95.448526	109.452043	85.778320
48.823381	68.757692	85.823242
110.475175	67.275138	85.868164
66.173251	109.862396	85.913086
70.059283	48.752552	85.958008
108.334987	96.267286	86.002930
48.233893	87.119106	86.047852
98.546415	53.390512	86.092773
84.283065	112.030498	86.137695
55.297577	59.351833	86.182617
112.042053	78.544537	86.227539
57.441776	102.631593	86.272461
81.341190	48.195745	86.317383
100.415918	104.264019	86.362305
48.677410	75.915079	86.407227
105.754822	61.924736	86.452148
73.245521	110.604474	86.497070
64.369733	52.978188	86.541992
109.659177	89.329497	86.586914
51.941872	93.102154	86.631836
91.790656	51.502279	86.676758
90.512558	108.858905	86.721680
52.867234	65.880161	86.766602
109.421293	72.116668	86.811523
63.699738	105.578494	86.856445
74.763638	50.255540	86.901367
103.850464	98.316610	86.946289
50.170424	82.593382	86.991211
100.155142	58.034531	87.036133
79.975794	109.679780	87.081055
60.058618	58.196204	87.125977
109.300133	82.595513	87.170898
56.747732	97.796987	87.215820
85.100334	51.302448	87.260742
95.551814	104.492082	87.305664
52.119269	72.480692	87.350586
105.516644	66.774037	87.395508
70.165919	106.860047	87.440430
69.160078	53.678728	87.485352
105.647450	92.027449	87.530273
53.096781	88.414391	87.575195
94.083489	55.743652	87.620117
85.970098	107.261674	87.665039
57.298533	64.012312	87.709961
107.397745	76.472376	87.754883
62.272950	100.998714	87.799805
78.892777	52.685570	87.844727
99.165028	99.290189	87.889648
52.983431	78.728650	87.934570
100.667416	62.781787	87.979492
76.410996	106.510782	88.024414
64.823218	58.149203	88.069336
105.805390	85.827472	88.114258
57.165790	93.059781	88.159180
87.969462	55.089678	88.204102
90.886617	103.613374	88.249023
56.162986	70.001200	88.293945
104.185868	71.323115	88.338867
68.099442	102.598287	88.383789
73.549810	55.448867	88.428711
101.208221	93.661173	88.473633
55.289545	84.225976	88.518555
95.268557	60.317983	88.563477
82.023351	104.666937	88.608398
61.964152	63.287819	88.653320
104.425448	80.139077	88.698242
62.016837	96.286702	88.743164
82.243363	56.007436	88.788086
94.452229	99.074323	88.833008
56.623508	75.727620	88.877930
99.980235	67.449435	88.922852
73.790036	102.586979	88.967773
69.399827	59.302744	89.012695
101.635209	88.041054	89.057617
58.776454	88.619666	89.102539
89.751814	59.466312	89.147461
86.627640	101.559064	89.192383
60.703882	68.670249	89.237305
101.705556	75.357496	89.282227
67.236183	97.937266	89.327148
77.317686	58.333476	89.372070
96.472814	94.044498	89.416992
58.552825	80.764609	89.461914
95.163885	65.080787	89.506836
78.906259	101.054368	89.551758
66.706473	63.884258	89.596680
100.496535	82.876689	89.641602
63.104454	91.613270	89.686523
84.569151	60.216406	89.731445
89.896249	97.500519	89.776367
61.073148	73.842865	89.821289
97.929644	71.839608	89.866211
72.372136	97.938893	89.911133
73.576405	61.816336	89.956055
96.833460	88.969886	90.000977
61.734931	84.703554	90.045898
90.173170	64.374677	90.090820
83.017611	98.178064	90.135742
65.669850	68.770814	90.180664
97.928526	78.617394	90.225586
67.869021	92.964365	90.270508
80.185273	62.476050	90.315430
91.545003	92.873219	90.360352
63.026622	78.329384	90.405273
93.452238	69.910429	90.450195
76.941083	96.287320	90.495117
71.384095	66.133944	90.540039
95.477663	84.336682	90.584961
65.885620	87.142031	90.629883
85.491518	65.442424	90.674805
85.686043	94.198596	90.719727
66.458590	73.487796	90.764648
94.121732	75.734016	90.809570
72.611264	92.444590	90.854492
77.100248	66.111589	90.899414
91.283515	88.112340	90.944336
66.495230	81.605039	90.989258
88.675436	69.924538	91.034180
80.399307	92.978359	91.079102
71.161491	70.928445	91.124023
92.318002	80.700169	91.168945
70.704846	87.591478	91.213867
81.676154	68.466400	91.258789
86.353932	89.341301	91.303711
69.364142	77.488864	91.348633
89.205127	74.853758	91.393555
76.813274	89.635859	91.438477
76.010208	71.119157	91.483398
88.544344	83.682494	91.528320
71.640091	82.907444	91.573242
83.973654	72.629648	91.618164
81.924515	87.627248	91.663086
73.881788	75.973986	91.708008
86.652285	78.929021	91.752930
76.217001	84.779473	91.797852
79.612772	74.637629	91.842773
83.303063	83.121093	91.887695
76.479923	79.945609	91.932617
81.519965	78.650180	91.977539
